610
3155
3834
5852
3037
3703
4245
112
9564
3835
9641
2473
9622
5884
1675
921
3222
9715
5442
4988
3530
5367
6900
3951
1942
901
9086
6173
5344
6922
463
2072
7431
6614
8168
6914
6729
5901
5739
5591
4505
5752
142
4748
759
6280
359
6579
8689
6710
1404
8395
12
9030
798
6499
7287
5431
8193
4725
2625
544
2930
603
873
9934
4086
2062
7545
2353
5468
7037
638
4724
607
8334
7871
6043
5237
1514
5960
2295
2607
1502
9121
8264
288
5614
6707
6328
6204
9050
5289
7790
3233
7638
9772
6090
6131
2790
690
7314
2567
3184
5688
7536
2448
6793
4917
4971
7529
6133
9756
6411
2209
890
695
7153
1393
3354
8849
2726
9942
1303
1007
523
5004
2940
5295
5188
5120
6373
477
6365
4165
3038
1957
4683
4221
6967
3452
8621
1290
6739
669
5513
3547
7003
7560
837
2012
6146
3043
9408
4857
8905
2577
527
9087
9953
5719
7183
4081
2004
2795
9569
4614
1137
7335
9106
9042
5499
9979
277
945
2090
9369
7357
2957
9906
4002
643
6115
7775
5142
3343
453
7829
562
7853
6713
9581
9155
492
2269
8096
5735
4232
7634
4772
3438
3718
4749
5953
4795
1661
5566
9842
8170
5634
5223
6912
6982
1014
5757
7391
2729
6480
3838
8412
9728
8391
4334
5801
794
8846
7753
7626
8522
8626
1544
5360
183
9856
6242
4383
6641
9420
8267
1488
9704
954
1406
1132
1336
6048
6454
2806
9491
9326
4615
6031
2511
2040
594
8585
4866
7789
7771
6389
4699
1754
5348
5685
8535
7426
5292
9188
3917
1973
896
7499
426
6375
4179
9340
6104
498
3587
9947
3331
5057
6449
9738
3395
3851
1574
9396
9946
5353
6050
7318
3991
7784
8850
6705
3868
5503
1107
1901
9379
8418
4181
7159
2293
43
9681
7668
2563
3561
1182
8441
3208
9869
5770
414
257
2289
8740
4578
7322
7715
8934
7470
4599
3056
8208
3267
4870
5134
6420
2588
6880
2754
8581
1816
9356
1747
3020
6735
6297
6263
4675
4325
5297
1321
830
9571
1222
1476
3207
232
7234
9653
9158
8563
4468
4590
7874
701
1762
2951
4401
5779
7207
6537
7970
8647
5731
8438
8218
8429
6061
9674
3937
6184
9545
7731
6494
9724
2180
8962
2349
7283
4611
2593
5088
4758
2022
8231
9111
5586
2238
1966
1384
3663
7713
7473
9153
9031
9897
3924
3036
6748
1866
6284
8614
1244
5792
4455
283
407
388
551
7370
7224
843
399
4854
2710
8722
9218
865
7011
6327
6649
4071
3245
8279
7346
1330
8583
4533
2212
7400
1469
530
2359
2299
4834
8916
2692
3597
7010
772
6716
2298
7365
2196
6916
5596
9816
6336
1720
1022
9192
9677
894
4962
396
5804
2842
6984
4422
2311
9432
2203
5074
3853
8971
8580
8933
3050
2175
3847
1864
7832
2838
8727
1851
1663
672
8648
27
2020
6121
9480
1151
2430
646
3890
8415
8709
5079
29
2923
7541
3555
6309
6718
